best_trial:
  Value: 0.014048199519392155
  Params:
    lr: 0.0003454305356018171
    num_layers: 3
    embed_size: 256
    dim_feedforward: 1024
    nhead: 4
    dropout: 0.17962795808108917
    batch_size: 16
